.Random.seed <-
c(403L, 624L, -1038903104L, 20124097L, -1618148210L, -239739977L, 
-1501545332L, 340760605L, -426555334L, 1725286515L, -53322984L, 
2116758073L, 1676588198L, -637987089L, 1234206820L, -1080040427L, 
1974711762L, 385237803L, 667416688L, -80764495L, 839612350L, 
536971559L, 1046007612L, 1054867213L, -1201674646L, 1776870627L, 
-2013146936L, -774481879L, 1128771030L, 839914079L, -97744620L, 
565430533L, -416138750L, -366178917L, 1450787872L, -1414451807L, 
-1445742866L, 1975620247L, -1291121172L, -42262019L, 1582370970L, 
-1252254381L, 93565560L, -1446116839L, 1915482886L, -1685132849L, 
-1121993276L, -858658315L, -1762735566L, -944868341L, 916618192L, 
2083960209L, -191315426L, 1649211399L, -1740506980L, 1058013421L, 
1355400906L, -1216974397L, 1600323624L, 1769023497L, 1454277686L, 
-894657217L, -1384833420L, -137804059L, -341023134L, -526190981L, 
528392064L, 1174354305L, 1020107086L, -1162167945L, -1133998260L, 
-1102210083L, -252901126L, 4121139L, 1175108056L, 1541327353L, 
-1415421594L, 291515567L, -117986524L, -1658265643L, -856813934L, 
1072764139L, -2029474000L, 1107933553L, 430259326L, 702666471L, 
-659959300L, -240979251L, -1197615318L, -1317245277L, -521805944L, 
-1544165399L, -1332049258L, -815753185L, -1875745836L, 1799337157L, 
-755580222L, 977260379L, -1308906784L, -116050591L, -1089295442L, 
-1604759465L, 1089519788L, -79755843L, 1786720602L, -290056429L, 
2114941240L, 743801305L, 1508507590L, -500899953L, -697284476L, 
-1273182795L, 1992917746L, -571071029L, 1674744464L, 866168145L, 
768141022L, -998758969L, -1813488804L, -1726950227L, 1106515850L, 
1295178627L, 1113747176L, -1755539511L, -2136751882L, 350487295L, 
1371298100L, 1569657509L, 1110003490L, 1664817211L, -1899469248L, 
-370466495L, 1664806414L, 1649760055L, 1794875916L, 348610461L, 
589269434L, 1140440051L, -646326120L, 791292345L, 312135206L, 
-1869282705L, 1524733412L, -786064491L, -6740142L, -1678399829L, 
64497136L, 871600433L, -1986281154L, -607656793L, 173380796L, 
869377677L, -890992662L, -1680754589L, 632335944L, -711116887L, 
1113728854L, 1273945567L, -848626028L, -332439419L, -363066494L, 
1674367259L, 582799776L, 964230433L, 668885102L, -1738093033L, 
283194220L, 660515197L, -18476518L, -549334829L, -266211336L, 
-195772007L, -1219703674L, 2070451535L, -1214016700L, -272932491L, 
-562758734L, 271030155L, -1980667568L, 570058001L, 1370868638L, 
1971917703L, 675905052L, 2086496365L, -1115215798L, -896465597L, 
-1733780056L, 1823459209L, -1116881482L, 20523199L, 177624052L, 
1889050213L, -2002323486L, -533923333L, -961483520L, 79087873L, 
-678100274L, 910537975L, -1258720052L, 192734045L, 1844103802L, 
-1144629837L, -975194280L, -2016589447L, 1972894438L, -581461969L, 
1242448036L, 1196824405L, -1770717166L, 1824782443L, 83254448L, 
-659740431L, 1991181822L, -210521497L, -2044979332L, -382985651L, 
267647146L, 581485091L, 354565384L, -427014295L, 90080278L, -1652890721L, 
1016486228L, -2143105979L, -433974206L, 412324571L, -1082345376L, 
1687979233L, 150394158L, -1951790121L, -2053347796L, 1436159293L, 
1816507098L, -255898989L, -896848200L, 1904984409L, -954967738L, 
-853931249L, -1686528508L, 1265483061L, -1229900686L, -2147301045L, 
1874788368L, 788782289L, -1256230818L, 322945351L, 1747280092L, 
-1397375955L, 1145239818L, 156299011L, -2131391384L, 1227536201L, 
2043443830L, 1701580415L, -1027404108L, -324670939L, -672833374L, 
-382166085L, 1039676352L, 1847734465L, 513529742L, 1145819831L, 
1562511244L, 1445865245L, -2112959686L, -1318801549L, -637774312L, 
-1249367751L, 1901717414L, 1030221295L, 1631431524L, -1418046699L, 
-633235246L, -1273230805L, -1323084944L, -134840143L, -1784739138L, 
-291160025L, -1094886852L, -1250800115L, 1754016106L, -4092957L, 
771394504L, 377689897L, -967860010L, 2042931551L, 678720532L, 
-1019611131L, 1057545474L, -900459365L, 1593532192L, 843041953L, 
1193019886L, 1742932375L, -1042130708L, 431042813L, -1017244774L, 
1290699859L, 1007365496L, -742751975L, -2046777850L, -50773809L, 
2092067012L, 1391712501L, -1472320206L, 256359179L, -1678027056L, 
41751697L, 1824904478L, -77844729L, 641467292L, -1378234387L, 
384272842L, -1556965181L, -636929240L, 1284335369L, -494930122L, 
-683887553L, 620923252L, 1299641829L, 145000802L, -803340933L, 
727595648L, -1108518783L, 2098162766L, 1512550519L, -432711092L, 
1754999517L, -800355334L, 781502771L, -1534085928L, -937768711L, 
1654690918L, -1232731217L, -80751068L, 1767001813L, -742461038L, 
868080619L, -283178448L, 428841073L, 1529597822L, 186420711L, 
-419865348L, -60538419L, 1970084394L, -1394862685L, -1359373688L, 
1698801385L, 301301142L, 1452027679L, -1681568044L, 282387397L, 
768632258L, -1429318053L, -1745304096L, 438490209L, -2029125970L, 
-623786153L, -1468855380L, -949742403L, -722520998L, -577798637L, 
862055480L, 178323673L, -1328434490L, -255445361L, 370013060L, 
1376629941L, 467396082L, 1605790923L, 1432776080L, 69602385L, 
1298725342L, 1268669639L, -179476900L, -1014389843L, 909433482L, 
-235535741L, 1118022120L, 1452791497L, -465030154L, -1402267137L, 
-1676360652L, -825507419L, -1281068510L, -1499652293L, -2052914880L, 
1272463425L, -139476722L, 93933111L, -1829540596L, 1988357789L, 
-1990128454L, -48848141L, 1952043928L, -1891292999L, 1714159910L, 
242342255L, 849658084L, -1398928747L, 1269631570L, 1835625899L, 
1705607408L, -2059898831L, -65711042L, 1184471975L, -242212932L, 
-507382387L, -1755919638L, 1673027427L, -1763743416L, -1836583255L, 
890247766L, 1771140319L, 1632168340L, -2066509947L, -1422348670L, 
-1413326821L, -1053496160L, 1409653793L, 764195694L, 1379288343L, 
-603029908L, 1920120957L, 834213146L, 1281505235L, 1599040248L, 
-973127527L, -1001947258L, 1312877647L, -498319804L, 1417367669L, 
977952434L, -754000245L, -1564457904L, 1539228689L, -339157346L, 
-507098489L, 672762140L, -242927763L, 1659562826L, 257633347L, 
428136616L, 118097545L, 736440502L, -88653889L, 1387904756L, 
1818512741L, 832903906L, 1047920891L, 59148288L, 799205377L, 
1396495822L, -1805603849L, 1713127372L, 1940419165L, -1643164294L, 
-1498792781L, 1478144600L, -1698215815L, 1488727526L, -890540241L, 
-497259612L, 1629324885L, -892607726L, -1562460309L, 2072164272L, 
1118898161L, 1830525182L, 1591503207L, -1857969540L, 1229678925L, 
-284607574L, 504785187L, -1536428024L, 504759913L, 1012889366L, 
-1466664289L, 62866516L, -84542651L, 1879160642L, 2129664475L, 
-244329632L, -676846623L, 1599612974L, -70221097L, -1082871508L, 
-291693507L, 712750554L, 52867475L, 781429176L, 1972715609L, 
-48100282L, 2066309647L, 472729860L, 637316149L, -330721422L, 
-1961815989L, 1254677264L, -251184175L, -1666874530L, 1536424007L, 
-782210084L, -74675411L, 499760138L, -719186429L, 2104280936L, 
-1113328055L, 639036790L, -1746852481L, 867269044L, -503277275L, 
-1687780446L, 694723259L, 466144960L, 1091391425L, 343321230L, 
339593655L, 577753740L, 331920925L, -1089057222L, 1963955827L, 
512905496L, 979445817L, -686744922L, 833799407L, -1525229980L, 
848347669L, -1713669166L, -706883285L, 1466609264L, 431579057L, 
1660853694L, -777717977L, 953017660L, -692019955L, 1564765290L, 
-1783221533L, 1449084616L, 1202443817L, -190606378L, -917159841L, 
-840409324L, 251406085L, -185892862L, -1776837733L, -9864672L, 
1556769697L, 19946734L, -983531369L, 1969595372L, -811384835L, 
-805890406L, 731704147L, -806442888L, 1227030553L, 1478580486L, 
-1656776753L, -1099885628L, 1381091317L, -627470286L, 1769800203L, 
-733990448L, 1807709073L, 1958668318L, 382166535L, -1008595300L, 
1700765421L, -1483649846L, -586498109L, 1293645352L, -1708808695L, 
-6460874L, 430492479L, -373558156L, -1419729691L, -911692702L, 
-1187707781L, 86627712L, 399996801L, -2145566898L, 1391503223L, 
1252926796L, -895174179L, 1563823866L, 1913040947L, 1451274200L, 
2110965753L, 1038796646L, 1216862895L, -711720668L, -1934115371L, 
-1046752110L, -936992021L, -534682320L, -1844349071L, 1384014462L, 
-592231193L, 452257788L, -303984435L, -2100798166L, 1146600611L, 
-344369784L, 252274153L, -358846314L, 1100203551L, -897304108L, 
